ra
pb
17
ra
ra
pb
rrb
17
11
littlecj1 18, littlech2 12, lit 7 compare 1
======70
72
52
100
41
49
84
42
64
80
40
94
33
79
78
87
22
1
81
6
53
71
43
74
83
97
5
82
21
35
34
60
24
26
38
96
29
61
0
9
30
47
19
58
54
28
95
36
69
14
56
89
48
66
75
15
13
67
76
31
3
27
57
20
92
4
62
77
10
90
39
50
99
18
16
45
8
68
2
63
85
12
55
25
51
46
7
32
98
65
37
73
93
44
91
59
23
86
======little 7
rra
rra
rra
rra
rra
rra
rra
rra
rra
rra
rra
rra
cpt 11
pb
7
17
11
littlecj1 29, littlech2 5, lit 12 compare 1
======32
98
65
37
73
93
44
91
59
23
86
70
72
52
100
41
49
84
42
64
80
40
94
33
79
78
87
22
1
81
6
53
71
43
74
83
97
5
82
21
35
34
60
24
26
38
96
29
61
0
9
30
47
19
58
54
28
95
36
69
14
56
89
48
66
75
15
13
67
76
31
3
27
57
20
92
4
62
77
10
90
39
50
99
18
16
45
8
68
2
63
85
12
55
25
51
46
======little 12
rra
rra
rra
rra
rra
TRIE MANAGER mon lbnum 2, mon lanum 12
rrb
pb
12
11
7
17
littlecj1 33, littlech2 3, lit 2 compare 1
======55
25
51
46
32
98
65
37
73
93
44
91
59
23
86
70
72
52
100
41
49
84
42
64
80
40
94
33
79
78
87
22
1
81
6
53
71
43
74
83
97
5
82
21
35
34
60
24
26
38
96
29
61
0
9
30
47
19
58
54
28
95
36
69
14
56
89
48
66
75
15
13
67
76
31
3
27
57
20
92
4
62
77
10
90
39
50
99
18
16
45
8
68
2
63
85
======little 2
rra
rra
rra
cpt 7
rrb
pb
2
17
12
11
7
littlecj1 35, littlech2 2, lit 8 compare 1
======63
85
55
25
51
46
32
98
65
37
73
93
44
91
59
23
86
70
72
52
100
41
49
84
42
64
80
40
94
33
79
78
87
22
1
81
6
53
71
43
74
83
97
5
82
21
35
34
60
24
26
38
96
29
61
0
9
30
47
19
58
54
28
95
36
69
14
56
89
48
66
75
15
13
67
76
31
3
27
57
20
92
4
62
77
10
90
39
50
99
18
16
45
8
68
======little 8
rra
rra
TRIE MANAGER mon lbnum 4, mon lanum 8
rrb
pb
8
7
2
17
12
11
littlecj1 36, littlech2 2, lit 16 compare 1
======68
63
85
55
25
51
46
32
98
65
37
73
93
44
91
59
23
86
70
72
52
100
41
49
84
42
64
80
40
94
33
79
78
87
22
1
81
6
53
71
43
74
83
97
5
82
21
35
34
60
24
26
38
96
29
61
0
9
30
47
19
58
54
28
95
36
69
14
56
89
48
66
75
15
13
67
76
31
3
27
57
20
92
4
62
77
10
90
39
50
99
18
16
45
======little 16
rra
rra
TRIE MANAGER mon lbnum 4, mon lanum 16
rrb
rrb
pb
16
12
11
8
7
2
17
littlecj1 37, littlech2 1, lit 18 compare 1
======45
68
63
85
55
25
51
46
32
98
65
37
73
93
44
91
59
23
86
70
72
52
100
41
49
84
42
64
80
40
94
33
79
78
87
22
1
81
6
53
71
43
74
83
97
5
82
21
35
34
60
24
26
38
96
29
61
0
9
30
47
19
58
54
28
95
36
69
14
56
89
48
66
75
15
13
67
76
31
3
27
57
20
92
4
62
77
10
90
39
50
99
18
======little 18
rra
rrb
pb
18
17
16
12
11
8
7
2
littlecj1 37, littlech2 5, lit 10 compare 1
======45
68
63
85
55
25
51
46
32
98
65
37
73
93
44
91
59
23
86
70
72
52
100
41
49
84
42
64
80
40
94
33
79
78
87
22
1
81
6
53
71
43
74
83
97
5
82
21
35
34
60
24
26
38
96
29
61
0
9
30
47
19
58
54
28
95
36
69
14
56
89
48
66
75
15
13
67
76
31
3
27
57
20
92
4
62
77
10
90
39
50
99
======little 10
rra
rra
rra
rra
rra
TRIE MANAGER mon lbnum 5, mon lanum 10
rrb
rrb
rrb
pb
10
8
7
2
18
17
16
12
11
littlecj1 41, littlech2 3, lit 4 compare 1
======90
39
50
99
45
68
63
85
55
25
51
46
32
98
65
37
73
93
44
91
59
23
86
70
72
52
100
41
49
84
42
64
80
40
94
33
79
78
87
22
1
81
6
53
71
43
74
83
97
5
82
21
35
34
60
24
26
38
96
29
61
0
9
30
47
19
58
54
28
95
36
69
14
56
89
48
66
75
15
13
67
76
31
3
27
57
20
92
4
62
77
======little 4
rra
rra
rra
TRIE MANAGER mon lbnum 3, mon lanum 4
rb
rb
rb
pb
4
2
18
17
16
12
11
10
8
7
littlecj1 43, littlech2 5, lit 3 compare 1
======62
77
90
39
50
99
45
68
63
85
55
25
51
46
32
98
65
37
73
93
44
91
59
23
86
70
72
52
100
41
49
84
42
64
80
40
94
33
79
78
87
22
1
81
6
53
71
43
74
83
97
5
82
21
35
34
60
24
26
38
96
29
61
0
9
30
47
19
58
54
28
95
36
69
14
56
89
48
66
75
15
13
67
76
31
3
27
57
20
92
======little 3
rra
rra
rra
rra
rra
TRIE MANAGER mon lbnum 1, mon lanum 3
rb
pb
3
2
18
17
16
12
11
10
8
7
4
littlecj1 0, littlech2 4, lit 13 compare 1
======27
57
20
92
62
77
90
39
50
99
45
68
63
85
55
25
51
46
32
98
65
37
73
93
44
91
59
23
86
70
72
52
100
41
49
84
42
64
80
40
94
33
79
78
87
22
1
81
6
53
71
43
74
83
97
5
82
21
35
34
60
24
26
38
96
29
61
0
9
30
47
19
58
54
28
95
36
69
14
56
89
48
66
75
15
13
67
76
31
======little 13
rra
rra
rra
rra
TRIE MANAGER mon lbnum 5, mon lanum 13
rb
rb
rb
rb
rb
pb
13
12
11
10
8
7
4
3
2
18
17
16
littlecj1 0, littlech2 1, lit 15 compare 1
======67
76
31
27
57
20
92
62
77
90
39
50
99
45
68
63
85
55
25
51
46
32
98
65
37
73
93
44
91
59
23
86
70
72
52
100
41
49
84
42
64
80
40
94
33
79
78
87
22
1
81
6
53
71
43
74
83
97
5
82
21
35
34
60
24
26
38
96
29
61
0
9
30
47
19
58
54
28
95
36
69
14
56
89
48
66
75
15
======little 15
rra
TRIE MANAGER mon lbnum -1, mon lanum 15
pb
15
13
12
11
10
8
7
4
3
2
18
17
16
littlecj1 0, littlech2 6, lit 14 compare 1
======67
76
31
27
57
20
92
62
77
90
39
50
99
45
68
63
85
55
25
51
46
32
98
65
37
73
93
44
91
59
23
86
70
72
52
100
41
49
84
42
64
80
40
94
33
79
78
87
22
1
81
6
53
71
43
74
83
97
5
82
21
35
34
60
24
26
38
96
29
61
0
9
30
47
19
58
54
28
95
36
69
14
56
89
48
66
75
======little 14
rra
rra
rra
rra
rra
rra
TRIE MANAGER mon lbnum 1, mon lanum 14
rb
pb
14
13
12
11
10
8
7
4
3
2
18
17
16
15
littlecj1 0, littlech2 10, lit 9 compare 1
======56
89
48
66
75
67
76
31
27
57
20
92
62
77
90
39
50
99
45
68
63
85
55
25
51
46
32
98
65
37
73
93
44
91
59
23
86
70
72
52
100
41
49
84
42
64
80
40
94
33
79
78
87
22
1
81
6
53
71
43
74
83
97
5
82
21
35
34
60
24
26
38
96
29
61
0
9
30
47
19
58
54
28
95
36
69
======little 9
rra
rra
rra
rra
rra
rra
rra
rra
rra
rra
TRIE MANAGER mon lbnum 5, mon lanum 9
rb
rb
rb
rb
rb
pb
9
8
7
4
3
2
18
17
16
15
14
13
12
11
10
littlecj1 3, littlech2 1, lit 0 compare 1
======30
47
19
58
54
28
95
36
69
56
89
48
66
75
67
76
31
27
57
20
92
62
77
90
39
50
99
45
68
63
85
55
25
51
46
32
98
65
37
73
93
44
91
59
23
86
70
72
52
100
41
49
84
42
64
80
40
94
33
79
78
87
22
1
81
6
53
71
43
74
83
97
5
82
21
35
34
60
24
26
38
96
29
61
0
======little 0
rra
cpt 2
rb
rb
pb
0
7
4
3
2
18
17
16
15
14
13
12
11
10
9
8
littlecj1 3, littlech2 12, lit 19 compare 0
======30
47
19
58
54
28
95
36
69
56
89
48
66
75
67
76
31
27
57
20
92
62
77
90
39
50
99
45
68
63
85
55
25
51
46
32
98
65
37
73
93
44
91
59
23
86
70
72
52
100
41
49
84
42
64
80
40
94
33
79
78
87
22
1
81
6
53
71
43
74
83
97
5
82
21
35
34
60
24
26
38
96
29
61
======little 19
ra
ra
rrb
rrb
rrb
rrb
rrb
rrb
rrb
rrb
rrb
rrb
rrb
pb
19
18
17
16
15
14
13
12
11
10
9
8
0
7
4
3
2
littlecj1 0, littlech2 14, lit 5 compare 1
======58
54
28
95
36
69
56
89
48
66
75
67
76
31
27
57
20
92
62
77
90
39
50
99
45
68
63
85
55
25
51
46
32
98
65
37
73
93
44
91
59
23
86
70
72
52
100
41
49
84
42
64
80
40
94
33
79
78
87
22
1
81
6
53
71
43
74
83
97
5
82
21
35
34
60
24
26
38
96
29
61
30
47
======little 5
rra
rra
rra
rra
rra
rra
rra
rra
rra
rra
rra
rra
rra
rra
TRIE MANAGER mon lbnum 12, mon lanum 5
rrb
rrb
rrb
rrb
rrb
pb
5
0
7
4
3
2
19
18
17
16
15
14
13
12
11
10
9
8
littlecj1 0, littlech2 7, lit 6 compare 1
======82
21
35
34
60
24
26
38
96
29
61
30
47
58
54
28
95
36
69
56
89
48
66
75
67
76
31
27
57
20
92
62
77
90
39
50
99
45
68
63
85
55
25
51
46
32
98
65
37
73
93
44
91
59
23
86
70
72
52
100
41
49
84
42
64
80
40
94
33
79
78
87
22
1
81
6
53
71
43
74
83
97
======little 6
rra
rra
rra
rra
rra
rra
rra
TRIE MANAGER mon lbnum 3, mon lanum 6
rb
rb
rb
pb
6
4
3
2
19
18
17
16
15
14
13
12
11
10
9
8
5
0
7
littlecj1 0, littlech2 2, lit 1 compare 1
======53
71
43
74
83
97
82
21
35
34
60
24
26
38
96
29
61
30
47
58
54
28
95
36
69
56
89
48
66
75
67
76
31
27
57
20
92
62
77
90
39
50
99
45
68
63
85
55
25
51
46
32
98
65
37
73
93
44
91
59
23
86
70
72
52
100
41
49
84
42
64
80
40
94
33
79
78
87
22
1
81
======little 1
rra
rra
TRIE MANAGER mon lbnum 17, mon lanum 1
rrb
rrb
pb
1
0
7
6
4
3
2
19
18
17
16
15
14
13
12
11
10
9
8
5
littlecj1 9, littlech2 1, lit 22 compare 1
======81
53
71
43
74
83
97
82
21
35
34
60
24
26
38
96
29
61
30
47
58
54
28
95
36
69
56
89
48
66
75
67
76
31
27
57
20
92
62
77
90
39
50
99
45
68
63
85
55
25
51
46
32
98
65
37
73
93
44
91
59
23
86
70
72
52
100
41
49
84
42
64
80
40
94
33
79
78
87
22
======little 22
rra
rrb
rrb
rrb
rrb
rrb
rrb
rrb
rrb
rrb
rrb
rrb
rrb
rrb
pb
22
19
18
17
16
15
14
13
12
11
10
9
8
5
1
0
7
6
4
3
2
littlecj1 9, littlech2 4, lit 33 compare 1
======81
53
71
43
74
83
97
82
21
35
34
60
24
26
38
96
29
61
30
47
58
54
28
95
36
69
56
89
48
66
75
67
76
31
27
57
20
92
62
77
90
39
50
99
45
68
63
85
55
25
51
46
32
98
65
37
73
93
44
91
59
23
86
70
72
52
100
41
49
84
42
64
80
40
94
33
79
78
87
======little 33
rra
rra
rra
rra
pb
33
22
19
18
17
16
15
14
13
12
11
10
9
8
5
1
0
7
6
4
3
2
littlecj1 12, littlech2 14, lit 21 compare 0
======79
78
87
81
53
71
43
74
83
97
82
21
35
34
60
24
26
38
96
29
61
30
47
58
54
28
95
36
69
56
89
48
66
75
67
76
31
27
57
20
92
62
77
90
39
50
99
45
68
63
85
55
25
51
46
32
98
65
37
73
93
44
91
59
23
86
70
72
52
100
41
49
84
42
64
80
40
94
======little 21
ra
ra
ra
ra
ra
ra
ra
ra
ra
ra
ra
TRIE MANAGER mon lbnum 2, mon lanum 21
rb
rb
pb
21
19
18
17
16
15
14
13
12
11
10
9
8
5
1
0
7
6
4
3
2
33
22
littlecj1 1, littlech2 25, lit 35 compare 0
======35
34
60
24
26
38
96
29
61
30
47
58
54
28
95
36
69
56
89
48
66
75
67
76
31
27
57
20
92
62
77
90
39
50
99
45
68
63
85
55
25
51
46
32
98
65
37
73
93
44
91
59
23
86
70
72
52
100
41
49
84
42
64
80
40
94
79
78
87
81
53
71
43
74
83
97
82
======little 35
rrb
rrb
pb
35
33
22
21
19
18
17
16
15
14
13
12
11
10
9
8
5
1
0
7
6
4
3
2
littlecj1 1, littlech2 25, lit 34 compare 0
======34
60
24
26
38
96
29
61
30
47
58
54
28
95
36
69
56
89
48
66
75
67
76
31
27
57
20
92
62
77
90
39
50
99
45
68
63
85
55
25
51
46
32
98
65
37
73
93
44
91
59
23
86
70
72
52
100
41
49
84
42
64
80
40
94
79
78
87
81
53
71
43
74
83
97
82
======little 34
TRIE MANAGER mon lbnum 1, mon lanum 34
rb
pb
34
33
22
21
19
18
17
16
15
14
13
12
11
10
9
8
5
1
0
7
6
4
3
2
35
littlecj1 2, littlech2 25, lit 24 compare 0
======60
24
26
38
96
29
61
30
47
58
54
28
95
36
69
56
89
48
66
75
67
76
31
27
57
20
92
62
77
90
39
50
99
45
68
63
85
55
25
51
46
32
98
65
37
73
93
44
91
59
23
86
70
72
52
100
41
49
84
42
64
80
40
94
79
78
87
81
53
71
43
74
83
97
82
======little 24
ra
TRIE MANAGER mon lbnum 2, mon lanum 24
rb
rb
pb
24
22
21
19
18
17
16
15
14
13
12
11
10
9
8
5
1
0
7
6
4
3
2
35
34
33
littlecj1 1, littlech2 26, lit 26 compare 0
======26
38
96
29
61
30
47
58
54
28
95
36
69
56
89
48
66
75
67
76
31
27
57
20
92
62
77
90
39
50
99
45
68
63
85
55
25
51
46
32
98
65
37
73
93
44
91
59
23
86
70
72
52
100
41
49
84
42
64
80
40
94
79
78
87
81
53
71
43
74
83
97
82
60
======little 26
TRIE MANAGER mon lbnum -1, mon lanum 26
pb
26
24
22
21
19
18
17
16
15
14
13
12
11
10
9
8
5
1
0
7
6
4
3
2
35
34
33
littlecj1 1, littlech2 26, lit 38 compare 0
======38
96
29
61
30
47
58
54
28
95
36
69
56
89
48
66
75
67
76
31
27
57
20
92
62
77
90
39
50
99
45
68
63
85
55
25
51
46
32
98
65
37
73
93
44
91
59
23
86
70
72
52
100
41
49
84
42
64
80
40
94
79
78
87
81
53
71
43
74
83
97
82
60
======little 38
rrb
rrb
rrb
pb
38
35
34
33
26
24
22
21
19
18
17
16
15
14
13
12
11
10
9
8
5
1
0
7
6
4
3
2
littlecj1 2, littlech2 26, lit 29 compare 0
======96
29
61
30
47
58
54
28
95
36
69
56
89
48
66
75
67
76
31
27
57
20
92
62
77
90
39
50
99
45
68
63
85
55
25
51
46
32
98
65
37
73
93
44
91
59
23
86
70
72
52
100
41
49
84
42
64
80
40
94
79
78
87
81
53
71
43
74
83
97
82
60
======little 29
ra
TRIE MANAGER mon lbnum 4, mon lanum 29
rb
rb
rb
rb
pb
29
26
24
22
21
19
18
17
16
15
14
13
12
11
10
9
8
5
1
0
7
6
4
3
2
38
35
34
33
littlecj1 2, littlech2 27, lit 30 compare 0
======61
30
47
58
54
28
95
36
69
56
89
48
66
75
67
76
31
27
57
20
92
62
77
90
39
50
99
45
68
63
85
55
25
51
46
32
98
65
37
73
93
44
91
59
23
86
70
72
52
100
41
49
84
42
64
80
40
94
79
78
87
81
53
71
43
74
83
97
82
60
96
======little 30
ra
TRIE MANAGER mon lbnum -1, mon lanum 30
pb
30
29
26
24
22
21
19
18
17
16
15
14
13
12
11
10
9
8
5
1
0
7
6
4
3
2
38
35
34
33
littlecj1 4, littlech2 28, lit 28 compare 0
======47
58
54
28
95
36
69
56
89
48
66
75
67
76
31
27
57
20
92
62
77
90
39
50
99
45
68
63
85
55
25
51
46
32
98
65
37
73
93
44
91
59
23
86
70
72
52
100
41
49
84
42
64
80
40
94
79
78
87
81
53
71
43
74
83
97
82
60
96
61
======little 28
ra
ra
ra
TRIE MANAGER mon lbnum 2, mon lanum 28
rb
rb
pb
28
26
24
22
21
19
18
17
16
15
14
13
12
11
10
9
8
5
1
0
7
6
4
3
2
38
35
34
33
30
29
littlecj1 2, littlech2 31, lit 36 compare 0
======95
36
69
56
89
48
66
75
67
76
31
27
57
20
92
62
77
90
39
50
99
45
68
63
85
55
25
51
46
32
98
65
37
73
93
44
91
59
23
86
70
72
52
100
41
49
84
42
64
80
40
94
79
78
87
81
53
71
43
74
83
97
82
60
96
61
47
58
54
======little 36
ra
TRIE MANAGER mon lbnum 26, mon lanum 36
rrb
rrb
rrb
rrb
rrb
pb
36
35
34
33
30
29
28
26
24
22
21
19
18
17
16
15
14
13
12
11
10
9
8
5
1
0
7
6
4
3
2
38
littlecj1 9, littlech2 32, lit 31 compare 0
======69
56
89
48
66
75
67
76
31
27
57
20
92
62
77
90
39
50
99
45
68
63
85
55
25
51
46
32
98
65
37
73
93
44
91
59
23
86
70
72
52
100
41
49
84
42
64
80
40
94
79
78
87
81
53
71
43
74
83
97
82
60
96
61
47
58
54
95
======little 31
ra
ra
ra
ra
ra
ra
ra
ra
TRIE MANAGER mon lbnum 4, mon lanum 31
rb
rb
rb
rb
pb
31
30
29
28
26
24
22
21
19
18
17
16
15
14
13
12
11
10
9
8
5
1
0
7
6
4
3
2
38
36
35
34
33
littlecj1 1, littlech2 40, lit 27 compare 0
======27
57
20
92
62
77
90
39
50
99
45
68
63
85
55
25
51
46
32
98
65
37
73
93
44
91
59
23
86
70
72
52
100
41
49
84
42
64
80
40
94
79
78
87
81
53
71
43
74
83
97
82
60
96
61
47
58
54
95
69
56
89
48
66
75
67
76
======little 27
TRIE MANAGER mon lbnum 4, mon lanum 27
rb
rb
rb
rb
pb
27
26
24
22
21
19
18
17
16
15
14
13
12
11
10
9
8
5
1
0
7
6
4
3
2
38
36
35
34
33
31
30
29
28
littlecj1 2, littlech2 39, lit 20 compare 0
======57
20
92
62
77
90
39
50
99
45
68
63
85
55
25
51
46
32
98
65
37
73
93
44
91
59
23
86
70
72
52
100
41
49
84
42
64
80
40
94
79
78
87
81
53
71
43
74
83
97
82
60
96
61
47
58
54
95
69
56
89
48
66
75
67
76
======little 20
ra
TRIE MANAGER mon lbnum 5, mon lanum 20
rb
rb
rb
rb
rb
pb
20
19
18
17
16
15
14
13
12
11
10
9
8
5
1
0
7
6
4
3
2
38
36
35
34
33
31
30
29
28
27
26
24
22
21
littlecj1 5, littlech2 39, lit 39 compare 0
======92
62
77
90
39
50
99
45
68
63
85
55
25
51
46
32
98
65
37
73
93
44
91
59
23
86
70
72
52
100
41
49
84
42
64
80
40
94
79
78
87
81
53
71
43
74
83
97
82
60
96
61
47
58
54
95
69
56
89
48
66
75
67
76
57
======little 39
ra
ra
ra
ra
rrb
rrb
rrb
rrb
rrb
rrb
rrb
rrb
rrb
rrb
rrb
rrb
rrb
rrb
pb
39
38
36
35
34
33
31
30
29
28
27
26
24
22
21
20
19
18
17
16
15
14
13
12
11
10
9
8
5
1
0
7
6
4
3
2
littlecj1 8, littlech2 38, lit 25 compare 0
======50
99
45
68
63
85
55
25
51
46
32
98
65
37
73
93
44
91
59
23
86
70
72
52
100
41
49
84
42
64
80
40
94
79
78
87
81
53
71
43
74
83
97
82
60
96
61
47
58
54
95
69
56
89
48
66
75
67
76
57
92
62
77
90
======little 25
ra
ra
ra
ra
ra
ra
ra
TRIE MANAGER mon lbnum 12, mon lanum 25
rb
rb
rb
rb
rb
rb
rb
rb
rb
rb
rb
rb
pb
25
24
22
21
20
19
18
17
16
15
14
13
12
11
10
9
8
5
1
0
7
6
4
3
2
39
38
36
35
34
33
31
30
29
28
27
26
littlecj1 3, littlech2 38, lit 32 compare 0
======51
46
32
98
65
37
73
93
44
91
59
23
86
70
72
52
100
41
49
84
42
64
80
40
94
79
78
87
81
53
71
43
74
83
97
82
60
96
61
47
58
54
95
69
56
89
48
66
75
67
76
57
92
62
77
90
50
99
45
68
63
85
55
======little 32
ra
ra
TRIE MANAGER mon lbnum 31, mon lanum 32
rrb
rrb
rrb
rrb
rrb
rrb
pb
32
31
30
29
28
27
26
25
24
22
21
20
19
18
17
16
15
14
13
12
11
10
9
8
5
1
0
7
6
4
3
2
39
38
36
35
34
33
littlecj1 3, littlech2 37, lit 37 compare 0
======98
65
37
73
93
44
91
59
23
86
70
72
52
100
41
49
84
42
64
80
40
94
79
78
87
81
53
71
43
74
83
97
82
60
96
61
47
58
54
95
69
56
89
48
66
75
67
76
57
92
62
77
90
50
99
45
68
63
85
55
51
46
======little 37
ra
ra
TRIE MANAGER mon lbnum 34, mon lanum 37
rrb
rrb
rrb
rrb
pb
37
36
35
34
33
32
31
30
29
28
27
26
25
24
22
21
20
19
18
17
16
15
14
13
12
11
10
9
8
5
1
0
7
6
4
3
2
39
38
littlecj1 6, littlech2 37, lit 23 compare 0
======73
93
44
91
59
23
86
70
72
52
100
41
49
84
42
64
80
40
94
79
78
87
81
53
71
43
74
83
97
82
60
96
61
47
58
54
95
69
56
89
48
66
75
67
76
57
92
62
77
90
50
99
45
68
63
85
55
51
46
98
65
======little 23
ra
ra
ra
ra
ra
TRIE MANAGER mon lbnum 14, mon lanum 23
rb
rb
rb
rb
rb
rb
rb
rb
rb
rb
rb
rb
rb
rb
pb
23
22
21
20
19
18
17
16
15
14
13
12
11
10
9
8
5
1
0
7
6
4
3
2
39
38
37
36
35
34
33
32
31
30
29
28
27
26
25
24
littlecj1 4, littlech2 3, lit 44 compare 1
======86
70
72
52
100
41
49
84
42
64
80
40
94
79
78
87
81
53
71
43
74
83
97
82
60
96
61
47
58
54
95
69
56
89
48
66
75
67
76
57
92
62
77
90
50
99
45
68
63
85
55
51
46
98
65
73
93
44
91
59
======little 44
rra
rra
rra
rrb
rrb
rrb
rrb
rrb
rrb
rrb
rrb
rrb
rrb
rrb
rrb
rrb
rrb
rrb
rrb
pb
44
39
38
37
36
35
34
33
32
31
30
29
28
27
26
25
24
23
22
21
20
19
18
17
16
15
14
13
12
11
10
9
8
5
1
0
7
6
4
3
2
littlecj1 6, littlech2 5, lit 46 compare 1
======91
59
86
70
72
52
100
41
49
84
42
64
80
40
94
79
78
87
81
53
71
43
74
83
97
82
60
96
61
47
58
54
95
69
56
89
48
66
75
67
76
57
92
62
77
90
50
99
45
68
63
85
55
51
46
98
65
73
93
======little 46
rra
rra
rra
rra
rra
pb
46
44
39
38
37
36
35
34
33
32
31
30
29
28
27
26
25
24
23
22
21
20
19
18
17
16
15
14
13
12
11
10
9
8
5
1
0
7
6
4
3
2
littlecj1 10, littlech2 1, lit 51 compare 1
======98
65
73
93
91
59
86
70
72
52
100
41
49
84
42
64
80
40
94
79
78
87
81
53
71
43
74
83
97
82
60
96
61
47
58
54
95
69
56
89
48
66
75
67
76
57
92
62
77
90
50
99
45
68
63
85
55
51
======little 51
rra
pb
51
46
44
39
38
37
36
35
34
33
32
31
30
29
28
27
26
25
24
23
22
21
20
19
18
17
16
15
14
13
12
11
10
9
8
5
1
0
7
6
4
3
2
littlecj1 10, littlech2 1, lit 55 compare 1
======98
65
73
93
91
59
86
70
72
52
100
41
49
84
42
64
80
40
94
79
78
87
81
53
71
43
74
83
97
82
60
96
61
47
58
54
95
69
56
89
48
66
75
67
76
57
92
62
77
90
50
99
45
68
63
85
55
======little 55
rra
pb
55
51
46
44
39
38
37
36
35
34
33
32
31
30
29
28
27
26
25
24
23
22
21
20
19
18
17
16
15
14
13
12
11
10
9
8
5
1
0
7
6
4
3
2
littlecj1 10, littlech2 4, lit 45 compare 1
======98
65
73
93
91
59
86
70
72
52
100
41
49
84
42
64
80
40
94
79
78
87
81
53
71
43
74
83
97
82
60
96
61
47
58
54
95
69
56
89
48
66
75
67
76
57
92
62
77
90
50
99
45
68
63
85
======little 45
rra
rra
rra
rra
TRIE MANAGER mon lbnum 3, mon lanum 45
rb
rb
rb
pb
45
44
39
38
37
36
35
34
33
32
31
30
29
28
27
26
25
24
23
22
21
20
19
18
17
16
15
14
13
12
11
10
9
8
5
1
0
7
6
4
3
2
55
51
46
littlecj1 13, littlech2 2, lit 50 compare 1
======68
63
85
98
65
73
93
91
59
86
70
72
52
100
41
49
84
42
64
80
40
94
79
78
87
81
53
71
43
74
83
97
82
60
96
61
47
58
54
95
69
56
89
48
66
75
67
76
57
92
62
77
90
50
99
======little 50
rra
rra
TRIE MANAGER mon lbnum 44, mon lanum 50
rrb
pb
50
46
45
44
39
38
37
36
35
34
33
32
31
30
29
28
27
26
25
24
23
22
21
20
19
18
17
16
15
14
13
12
11
10
9
8
5
1
0
7
6
4
3
2
55
51
littlecj1 14, littlech2 5, lit 57 compare 1
======99
68
63
85
98
65
73
93
91
59
86
70
72
52
100
41
49
84
42
64
80
40
94
79
78
87
81
53
71
43
74
83
97
82
60
96
61
47
58
54
95
69
56
89
48
66
75
67
76
57
92
62
77
90
======little 57
rra
rra
rra
rra
rra
rrb
rrb
pb
57
55
51
50
46
45
44
39
38
37
36
35
34
33
32
31
30
29
28
27
26
25
24
23
22
21
20
19
18
17
16
15
14
13
12
11
10
9
8
5
1
0
7
6
4
3
2
littlecj1 18, littlech2 5, lit 48 compare 1
======92
62
77
90
99
68
63
85
98
65
73
93
91
59
86
70
72
52
100
41
49
84
42
64
80
40
94
79
78
87
81
53
71
43
74
83
97
82
60
96
61
47
58
54
95
69
56
89
48
66
75
67
76
======little 48
rra
rra
rra
rra
rra
TRIE MANAGER mon lbnum 4, mon lanum 48
rb
rb
rb
rb
pb
48
46
45
44
39
38
37
36
35
34
33
32
31
30
29
28
27
26
25
24
23
22
21
20
19
18
17
16
15
14
13
12
11
10
9
8
5
1
0
7
6
4
3
2
57
55
51
50
littlecj1 22, littlech2 2, lit 56 compare 1
======66
75
67
76
92
62
77
90
99
68
63
85
98
65
73
93
91
59
86
70
72
52
100
41
49
84
42
64
80
40
94
79
78
87
81
53
71
43
74
83
97
82
60
96
61
47
58
54
95
69
56
89
======little 56
rra
rra
TRIE MANAGER mon lbnum 45, mon lanum 56
rrb
rrb
rrb
pb
56
55
51
50
48
46
45
44
39
38
37
36
35
34
33
32
31
30
29
28
27
26
25
24
23
22
21
20
19
18
17
16
15
14
13
12
11
10
9
8
5
1
0
7
6
4
3
2
57
littlecj1 23, littlech2 3, lit 54 compare 1
======89
66
75
67
76
92
62
77
90
99
68
63
85
98
65
73
93
91
59
86
70
72
52
100
41
49
84
42
64
80
40
94
79
78
87
81
53
71
43
74
83
97
82
60
96
61
47
58
54
95
69
======little 54
rra
rra
rra
TRIE MANAGER mon lbnum 2, mon lanum 54
rb
rb
pb
54
51
50
48
46
45
44
39
38
37
36
35
34
33
32
31
30
29
28
27
26
25
24
23
22
21
20
19
18
17
16
15
14
13
12
11
10
9
8
5
1
0
7
6
4
3
2
57
56
55
littlecj1 25, littlech2 2, lit 47 compare 1
======95
69
89
66
75
67
76
92
62
77
90
99
68
63
85
98
65
73
93
91
59
86
70
72
52
100
41
49
84
42
64
80
40
94
79
78
87
81
53
71
43
74
83
97
82
60
96
61
47
58
======little 47
rra
rra
TRIE MANAGER mon lbnum 4, mon lanum 47
rb
rb
rb
rb
pb
47
46
45
44
39
38
37
36
35
34
33
32
31
30
29
28
27
26
25
24
23
22
21
20
19
18
17
16
15
14
13
12
11
10
9
8
5
1
0
7
6
4
3
2
57
56
55
54
51
50
48
littlecj1 1, littlech2 8, lit 58 compare 0
======58
95
69
89
66
75
67
76
92
62
77
90
99
68
63
85
98
65
73
93
91
59
86
70
72
52
100
41
49
84
42
64
80
40
94
79
78
87
81
53
71
43
74
83
97
82
60
96
61
======little 58
rrb
rrb
rrb
rrb
rrb
rrb
rrb
pb
58
57
56
55
54
51
50
48
47
46
45
44
39
38
37
36
35
34
33
32
31
30
29
28
27
26
25
24
23
22
21
20
19
18
17
16
15
14
13
12
11
10
9
8
5
1
0
7
6
4
3
2
littlecj1 0, littlech2 8, lit 43 compare 1
======95
69
89
66
75
67
76
92
62
77
90
99
68
63
85
98
65
73
93
91
59
86
70
72
52
100
41
49
84
42
64
80
40
94
79
78
87
81
53
71
43
74
83
97
82
60
96
61
======little 43
rra
rra
rra
rra
rra
rra
rra
rra
TRIE MANAGER mon lbnum 12, mon lanum 43
rb
rb
rb
rb
rb
rb
rb
rb
rb
rb
rb
rb
pb
43
39
38
37
36
35
34
33
32
31
30
29
28
27
26
25
24
23
22
21
20
19
18
17
16
15
14
13
12
11
10
9
8
5
1
0
7
6
4
3
2
58
57
56
55
54
51
50
48
47
46
45
44
littlecj1 0, littlech2 2, lit 53 compare 1
======74
83
97
82
60
96
61
95
69
89
66
75
67
76
92
62
77
90
99
68
63
85
98
65
73
93
91
59
86
70
72
52
100
41
49
84
42
64
80
40
94
79
78
87
81
53
71
======little 53
rra
rra
TRIE MANAGER mon lbnum 46, mon lanum 53
rrb
rrb
rrb
rrb
rrb
rrb
rrb
pb
53
51
50
48
47
46
45
44
43
39
38
37
36
35
34
33
32
31
30
29
28
27
26
25
24
23
22
21
20
19
18
17
16
15
14
13
12
11
10
9
8
5
1
0
7
6
4
3
2
58
57
56
55
54
littlecj1 0, littlech2 6, lit 40 compare 1
======71
74
83
97
82
60
96
61
95
69
89
66
75
67
76
92
62
77
90
99
68
63
85
98
65
73
93
91
59
86
70
72
52
100
41
49
84
42
64
80
40
94
79
78
87
81
======little 40
rra
rra
rra
rra
rra
rra
TRIE MANAGER mon lbnum 9, mon lanum 40
rb
rb
rb
rb
rb
rb
rb
rb
rb
pb
40
39
38
37
36
35
34
33
32
31
30
29
28
27
26
25
24
23
22
21
20
19
18
17
16
15
14
13
12
11
10
9
8
5
1
0
7
6
4
3
2
58
57
56
55
54
53
51
50
48
47
46
45
44
43
littlecj1 0, littlech2 3, lit 42 compare 1
======94
79
78
87
81
71
74
83
97
82
60
96
61
95
69
89
66
75
67
76
92
62
77
90
99
68
63
85
98
65
73
93
91
59
86
70
72
52
100
41
49
84
42
64
80
======little 42
rra
rra
rra
TRIE MANAGER mon lbnum -1, mon lanum 42
pb
42
40
39
38
37
36
35
34
33
32
31
30
29
28
27
26
25
24
23
22
21
20
19
18
17
16
15
14
13
12
11
10
9
8
5
1
0
7
6
4
3
2
58
57
56
55
54
53
51
50
48
47
46
45
44
43
littlecj1 0, littlech2 2, lit 49 compare 1
======64
80
94
79
78
87
81
71
74
83
97
82
60
96
61
95
69
89
66
75
67
76
92
62
77
90
99
68
63
85
98
65
73
93
91
59
86
70
72
52
100
41
49
84
======little 49
rra
rra
TRIE MANAGER mon lbnum 50, mon lanum 49
rrb
rrb
rrb
rrb
rrb
rrb
pb
49
48
47
46
45
44
43
42
40
39
38
37
36
35
34
33
32
31
30
29
28
27
26
25
24
23
22
21
20
19
18
17
16
15
14
13
12
11
10
9
8
5
1
0
7
6
4
3
2
58
57
56
55
54
53
51
50
littlecj1 0, littlech2 1, lit 41 compare 1
======84
64
80
94
79
78
87
81
71
74
83
97
82
60
96
61
95
69
89
66
75
67
76
92
62
77
90
99
68
63
85
98
65
73
93
91
59
86
70
72
52
100
41
======little 41
rra
TRIE MANAGER mon lbnum 8, mon lanum 41
rb
rb
rb
rb
rb
rb
rb
rb
pb
41
40
39
38
37
36
35
34
33
32
31
30
29
28
27
26
25
24
23
22
21
20
19
18
17
16
15
14
13
12
11
10
9
8
5
1
0
7
6
4
3
2
58
57
56
55
54
53
51
50
49
48
47
46
45
44
43
42
littlecj1 0, littlech2 2, lit 52 compare 1
======84
64
80
94
79
78
87
81
71
74
83
97
82
60
96
61
95
69
89
66
75
67
76
92
62
77
90
99
68
63
85
98
65
73
93
91
59
86
70
72
52
100
======little 52
rra
rra
TRIE MANAGER mon lbnum 48, mon lanum 52
rrb
rrb
rrb
rrb
rrb
rrb
rrb
rrb
rrb
rrb
pb
52
51
50
49
48
47
46
45
44
43
42
41
40
39
38
37
36
35
34
33
32
31
30
29
28
27
26
25
24
23
22
21
20
19
18
17
16
15
14
13
12
11
10
9
8
5
1
0
7
6
4
3
2
58
57
56
55
54
53
littlecj1 0, littlech2 25, lit 61 compare 1
======100
84
64
80
94
79
78
87
81
71
74
83
97
82
60
96
61
95
69
89
66
75
67
76
92
62
77
90
99
68
63
85
98
65
73
93
91
59
86
70
72
======little 61
rra
rra
rra
rra
rra
rra
rra
rra
rra
rra
rra
rra
rra
rra
rra
rra
rra
rra
rra
rra
rra
rra
rra
rra
rra
rrb
rrb
rrb
rrb
rrb
rrb
pb
61
58
57
56
55
54
53
52
51
50
49
48
47
46
45
44
43
42
41
40
39
38
37
36
35
34
33
32
31
30
29
28
27
26
25
24
23
22
21
20
19
18
17
16
15
14
13
12
11
10
9
8
5
1
0
7
6
4
3
2
littlecj1 2, littlech2 2, lit 69 compare 0
======95
69
89
66
75
67
76
92
62
77
90
99
68
63
85
98
65
73
93
91
59
86
70
72
100
84
64
80
94
79
78
87
81
71
74
83
97
82
60
96
======little 69
ra
pb
69
61
58
57
56
55
54
53
52
51
50
49
48
47
46
45
44
43
42
41
40
39
38
37
36
35
34
33
32
31
30
29
28
27
26
25
24
23
22
21
20
19
18
17
16
15
14
13
12
11
10
9
8
5
1
0
7
6
4
3
2
littlecj1 2, littlech2 3, lit 66 compare 0
======89
66
75
67
76
92
62
77
90
99
68
63
85
98
65
73
93
91
59
86
70
72
100
84
64
80
94
79
78
87
81
71
74
83
97
82
60
96
95
======little 66
ra
TRIE MANAGER mon lbnum 1, mon lanum 66
rb
pb
66
61
58
57
56
55
54
53
52
51
50
49
48
47
46
45
44
43
42
41
40
39
38
37
36
35
34
33
32
31
30
29
28
27
26
25
24
23
22
21
20
19
18
17
16
15
14
13
12
11
10
9
8
5
1
0
7
6
4
3
2
69
littlecj1 1, littlech2 4, lit 75 compare 0
======75
67
76
92
62
77
90
99
68
63
85
98
65
73
93
91
59
86
70
72
100
84
64
80
94
79
78
87
81
71
74
83
97
82
60
96
95
89
======little 75
rrb
pb
75
69
66
61
58
57
56
55
54
53
52
51
50
49
48
47
46
45
44
43
42
41
40
39
38
37
36
35
34
33
32
31
30
29
28
27
26
25
24
23
22
21
20
19
18
17
16
15
14
13
12
11
10
9
8
5
1
0
7
6
4
3
2
littlecj1 1, littlech2 4, lit 67 compare 0
======67
76
92
62
77
90
99
68
63
85
98
65
73
93
91
59
86
70
72
100
84
64
80
94
79
78
87
81
71
74
83
97
82
60
96
95
89
======little 67
TRIE MANAGER mon lbnum 2, mon lanum 67
rb
rb
pb
67
66
61
58
57
56
55
54
53
52
51
50
49
48
47
46
45
44
43
42
41
40
39
38
37
36
35
34
33
32
31
30
29
28
27
26
25
24
23
22
21
20
19
18
17
16
15
14
13
12
11
10
9
8
5
1
0
7
6
4
3
2
75
69
littlecj1 1, littlech2 4, lit 76 compare 0
======76
92
62
77
90
99
68
63
85
98
65
73
93
91
59
86
70
72
100
84
64
80
94
79
78
87
81
71
74
83
97
82
60
96
95
89
======little 76
rrb
rrb
pb
76
75
69
67
66
61
58
57
56
55
54
53
52
51
50
49
48
47
46
45
44
43
42
41
40
39
38
37
36
35
34
33
32
31
30
29
28
27
26
25
24
23
22
21
20
19
18
17
16
15
14
13
12
11
10
9
8
5
1
0
7
6
4
3
2
littlecj1 2, littlech2 4, lit 62 compare 0
======92
62
77
90
99
68
63
85
98
65
73
93
91
59
86
70
72
100
84
64
80
94
79
78
87
81
71
74
83
97
82
60
96
95
89
======little 62
ra
TRIE MANAGER mon lbnum 5, mon lanum 62
rb
rb
rb
rb
rb
pb
62
61
58
57
56
55
54
53
52
51
50
49
48
47
46
45
44
43
42
41
40
39
38
37
36
35
34
33
32
31
30
29
28
27
26
25
24
23
22
21
20
19
18
17
16
15
14
13
12
11
10
9
8
5
1
0
7
6
4
3
2
76
75
69
67
66
littlecj1 1, littlech2 5, lit 77 compare 0
======77
90
99
68
63
85
98
65
73
93
91
59
86
70
72
100
84
64
80
94
79
78
87
81
71
74
83
97
82
60
96
95
89
92
======little 77
rrb
rrb
rrb
rrb
rrb
pb
77
76
75
69
67
66
62
61
58
57
56
55
54
53
52
51
50
49
48
47
46
45
44
43
42
41
40
39
38
37
36
35
34
33
32
31
30
29
28
27
26
25
24
23
22
21
20
19
18
17
16
15
14
13
12
11
10
9
8
5
1
0
7
6
4
3
2
littlecj1 3, littlech2 5, lit 68 compare 0
======90
99
68
63
85
98
65
73
93
91
59
86
70
72
100
84
64
80
94
79
78
87
81
71
74
83
97
82
60
96
95
89
92
======little 68
ra
ra
TRIE MANAGER mon lbnum 4, mon lanum 68
rb
rb
rb
rb
pb
68
67
66
62
61
58
57
56
55
54
53
52
51
50
49
48
47
46
45
44
43
42
41
40
39
38
37
36
35
34
33
32
31
30
29
28
27
26
25
24
23
22
21
20
19
18
17
16
15
14
13
12
11
10
9
8
5
1
0
7
6
4
3
2
77
76
75
69
littlecj1 1, littlech2 7, lit 63 compare 0
======63
85
98
65
73
93
91
59
86
70
72
100
84
64
80
94
79
78
87
81
71
74
83
97
82
60
96
95
89
92
90
99
======little 63
TRIE MANAGER mon lbnum 3, mon lanum 63
rb
rb
rb
pb
63
62
61
58
57
56
55
54
53
52
51
50
49
48
47
46
45
44
43
42
41
40
39
38
37
36
35
34
33
32
31
30
29
28
27
26
25
24
23
22
21
20
19
18
17
16
15
14
13
12
11
10
9
8
5
1
0
7
6
4
3
2
77
76
75
69
68
67
66
littlecj1 3, littlech2 7, lit 65 compare 0
======85
98
65
73
93
91
59
86
70
72
100
84
64
80
94
79
78
87
81
71
74
83
97
82
60
96
95
89
92
90
99
======little 65
ra
ra
TRIE MANAGER mon lbnum -1, mon lanum 65
pb
65
63
62
61
58
57
56
55
54
53
52
51
50
49
48
47
46
45
44
43
42
41
40
39
38
37
36
35
34
33
32
31
30
29
28
27
26
25
24
23
22
21
20
19
18
17
16
15
14
13
12
11
10
9
8
5
1
0
7
6
4
3
2
77
76
75
69
68
67
66
littlecj1 1, littlech2 9, lit 73 compare 0
======73
93
91
59
86
70
72
100
84
64
80
94
79
78
87
81
71
74
83
97
82
60
96
95
89
92
90
99
85
98
======little 73
TRIE MANAGER mon lbnum 66, mon lanum 73
rrb
rrb
rrb
rrb
pb
73
69
68
67
66
65
63
62
61
58
57
56
55
54
53
52
51
50
49
48
47
46
45
44
43
42
41
40
39
38
37
36
35
34
33
32
31
30
29
28
27
26
25
24
23
22
21
20
19
18
17
16
15
14
13
12
11
10
9
8
5
1
0
7
6
4
3
2
77
76
75
littlecj1 3, littlech2 9, lit 59 compare 0
======93
91
59
86
70
72
100
84
64
80
94
79
78
87
81
71
74
83
97
82
60
96
95
89
92
90
99
85
98
======little 59
ra
ra
TRIE MANAGER mon lbnum 9, mon lanum 59
rb
rb
rb
rb
rb
rb
rb
rb
rb
pb
59
58
57
56
55
54
53
52
51
50
49
48
47
46
45
44
43
42
41
40
39
38
37
36
35
34
33
32
31
30
29
28
27
26
25
24
23
22
21
20
19
18
17
16
15
14
13
12
11
10
9
8
5
1
0
7
6
4
3
2
77
76
75
73
69
68
67
66
65
63
62
61
littlecj1 2, littlech2 11, lit 70 compare 0
======86
70
72
100
84
64
80
94
79
78
87
81
71
74
83
97
82
60
96
95
89
92
90
99
85
98
93
91
======little 70
ra
TRIE MANAGER mon lbnum 64, mon lanum 70
rrb
rrb
rrb
rrb
rrb
rrb
rrb
rrb
pb
70
69
68
67
66
65
63
62
61
59
58
57
56
55
54
53
52
51
50
49
48
47
46
45
44
43
42
41
40
39
38
37
36
35
34
33
32
31
30
29
28
27
26
25
24
23
22
21
20
19
18
17
16
15
14
13
12
11
10
9
8
5
1
0
7
6
4
3
2
77
76
75
73
littlecj1 1, littlech2 12, lit 72 compare 0
======72
100
84
64
80
94
79
78
87
81
71
74
83
97
82
60
96
95
89
92
90
99
85
98
93
91
86
======little 72
TRIE MANAGER mon lbnum -1, mon lanum 72
pb
72
70
69
68
67
66
65
63
62
61
59
58
57
56
55
54
53
52
51
50
49
48
47
46
45
44
43
42
41
40
39
38
37
36
35
34
33
32
31
30
29
28
27
26
25
24
23
22
21
20
19
18
17
16
15
14
13
12
11
10
9
8
5
1
0
7
6
4
3
2
77
76
75
73
littlecj1 3, littlech2 12, lit 64 compare 0
======100
84
64
80
94
79
78
87
81
71
74
83
97
82
60
96
95
89
92
90
99
85
98
93
91
86
======little 64
ra
ra
TRIE MANAGER mon lbnum 7, mon lanum 64
rb
rb
rb
rb
rb
rb
rb
pb
64
63
62
61
59
58
57
56
55
54
53
52
51
50
49
48
47
46
45
44
43
42
41
40
39
38
37
36
35
34
33
32
31
30
29
28
27
26
25
24
23
22
21
20
19
18
17
16
15
14
13
12
11
10
9
8
5
1
0
7
6
4
3
2
77
76
75
73
72
70
69
68
67
66
65
littlecj1 4, littlech2 15, lit 78 compare 0
======80
94
79
78
87
81
71
74
83
97
82
60
96
95
89
92
90
99
85
98
93
91
86
100
84
======little 78
ra
ra
ra
rrb
rrb
rrb
rrb
rrb
rrb
rrb
rrb
rrb
rrb
rrb
pb
78
77
76
75
73
72
70
69
68
67
66
65
64
63
62
61
59
58
57
56
55
54
53
52
51
50
49
48
47
46
45
44
43
42
41
40
39
38
37
36
35
34
33
32
31
30
29
28
27
26
25
24
23
22
21
20
19
18
17
16
15
14
13
12
11
10
9
8
5
1
0
7
6
4
3
2
littlecj1 3, littlech2 14, lit 71 compare 0
======87
81
71
74
83
97
82
60
96
95
89
92
90
99
85
98
93
91
86
100
84
80
94
79
======little 71
ra
ra
TRIE MANAGER mon lbnum 6, mon lanum 71
rb
rb
rb
rb
rb
rb
pb
71
70
69
68
67
66
65
64
63
62
61
59
58
57
56
55
54
53
52
51
50
49
48
47
46
45
44
43
42
41
40
39
38
37
36
35
34
33
32
31
30
29
28
27
26
25
24
23
22
21
20
19
18
17
16
15
14
13
12
11
10
9
8
5
1
0
7
6
4
3
2
78
77
76
75
73
72
littlecj1 1, littlech2 14, lit 74 compare 0
======74
83
97
82
60
96
95
89
92
90
99
85
98
93
91
86
100
84
80
94
79
87
81
======little 74
TRIE MANAGER mon lbnum 75, mon lanum 74
rrb
rrb
pb
74
73
72
71
70
69
68
67
66
65
64
63
62
61
59
58
57
56
55
54
53
52
51
50
49
48
47
46
45
44
43
42
41
40
39
38
37
36
35
34
33
32
31
30
29
28
27
26
25
24
23
22
21
20
19
18
17
16
15
14
13
12
11
10
9
8
5
1
0
7
6
4
3
2
78
77
76
75
littlecj1 4, littlech2 13, lit 60 compare 0
======83
97
82
60
96
95
89
92
90
99
85
98
93
91
86
100
84
80
94
79
87
81
======little 60
ra
ra
ra
TRIE MANAGER mon lbnum 14, mon lanum 60
rb
rb
rb
rb
rb
rb
rb
rb
rb
rb
rb
rb
rb
rb
pb
60
59
58
57
56
55
54
53
52
51
50
49
48
47
46
45
44
43
42
41
40
39
38
37
36
35
34
33
32
31
30
29
28
27
26
25
24
23
22
21
20
19
18
17
16
15
14
13
12
11
10
9
8
5
1
0
7
6
4
3
2
78
77
76
75
74
73
72
71
70
69
68
67
66
65
64
63
62
61
littlecj1 0, littlech2 13, lit 93 compare 1
======96
95
89
92
90
99
85
98
93
91
86
100
84
80
94
79
87
81
83
97
82
======little 93
rra
rra
rra
rra
rra
rra
rra
rra
rra
rra
rra
rra
rra
rrb
rrb
rrb
rrb
rrb
rrb
rrb
rrb
rrb
rrb
rrb
rrb
rrb
rrb
rrb
rrb
rrb
rrb
pb
93
78
77
76
75
74
73
72
71
70
69
68
67
66
65
64
63
62
61
60
59
58
57
56
55
54
53
52
51
50
49
48
47
46
45
44
43
42
41
40
39
38
37
36
35
34
33
32
31
30
29
28
27
26
25
24
23
22
21
20
19
18
17
16
15
14
13
12
11
10
9
8
5
1
0
7
6
4
3
2
littlecj1 1, littlech2 1, lit 91 compare 0
======91
86
100
84
80
94
79
87
81
83
97
82
96
95
89
92
90
99
85
98
======little 91
TRIE MANAGER mon lbnum 1, mon lanum 91
rb
pb
91
78
77
76
75
74
73
72
71
70
69
68
67
66
65
64
63
62
61
60
59
58
57
56
55
54
53
52
51
50
49
48
47
46
45
44
43
42
41
40
39
38
37
36
35
34
33
32
31
30
29
28
27
26
25
24
23
22
21
20
19
18
17
16
15
14
13
12
11
10
9
8
5
1
0
7
6
4
3
2
93
littlecj1 1, littlech2 1, lit 86 compare 0
======86
100
84
80
94
79
87
81
83
97
82
96
95
89
92
90
99
85
98
======little 86
TRIE MANAGER mon lbnum 1, mon lanum 86
rb
pb
86
78
77
76
75
74
73
72
71
70
69
68
67
66
65
64
63
62
61
60
59
58
57
56
55
54
53
52
51
50
49
48
47
46
45
44
43
42
41
40
39
38
37
36
35
34
33
32
31
30
29
28
27
26
25
24
23
22
21
20
19
18
17
16
15
14
13
12
11
10
9
8
5
1
0
7
6
4
3
2
93
91
littlecj1 1, littlech2 1, lit 100 compare 0
======100
84
80
94
79
87
81
83
97
82
96
95
89
92
90
99
85
98
======little 100
rrb
rrb
pb
100
93
91
86
78
77
76
75
74
73
72
71
70
69
68
67
66
65
64
63
62
61
60
59
58
57
56
55
54
53
52
51
50
49
48
47
46
45
44
43
42
41
40
39
38
37
36
35
34
33
32
31
30
29
28
27
26
25
24
23
22
21
20
19
18
17
16
15
14
13
12
11
10
9
8
5
1
0
7
6
4
3
2
littlecj1 1, littlech2 1, lit 84 compare 0
======84
80
94
79
87
81
83
97
82
96
95
89
92
90
99
85
98
======little 84
TRIE MANAGER mon lbnum 4, mon lanum 84
rb
rb
rb
rb
pb
84
78
77
76
75
74
73
72
71
70
69
68
67
66
65
64
63
62
61
60
59
58
57
56
55
54
53
52
51
50
49
48
47
46
45
44
43
42
41
40
39
38
37
36
35
34
33
32
31
30
29
28
27
26
25
24
23
22
21
20
19
18
17
16
15
14
13
12
11
10
9
8
5
1
0
7
6
4
3
2
100
93
91
86
littlecj1 1, littlech2 1, lit 80 compare 0
======80
94
79
87
81
83
97
82
96
95
89
92
90
99
85
98
======little 80
TRIE MANAGER mon lbnum 1, mon lanum 80
rb
pb
80
78
77
76
75
74
73
72
71
70
69
68
67
66
65
64
63
62
61
60
59
58
57
56
55
54
53
52
51
50
49
48
47
46
45
44
43
42
41
40
39
38
37
36
35
34
33
32
31
30
29
28
27
26
25
24
23
22
21
20
19
18
17
16
15
14
13
12
11
10
9
8
5
1
0
7
6
4
3
2
100
93
91
86
84
littlecj1 1, littlech2 1, lit 94 compare 0
======94
79
87
81
83
97
82
96
95
89
92
90
99
85
98
======little 94
TRIE MANAGER mon lbnum 81, mon lanum 94
rrb
rrb
rrb
rrb
pb
94
93
91
86
84
80
78
77
76
75
74
73
72
71
70
69
68
67
66
65
64
63
62
61
60
59
58
57
56
55
54
53
52
51
50
49
48
47
46
45
44
43
42
41
40
39
38
37
36
35
34
33
32
31
30
29
28
27
26
25
24
23
22
21
20
19
18
17
16
15
14
13
12
11
10
9
8
5
1
0
7
6
4
3
2
100
littlecj1 1, littlech2 1, lit 79 compare 0
======79
87
81
83
97
82
96
95
89
92
90
99
85
98
======little 79
TRIE MANAGER mon lbnum 6, mon lanum 79
rb
rb
rb
rb
rb
rb
pb
79
78
77
76
75
74
73
72
71
70
69
68
67
66
65
64
63
62
61
60
59
58
57
56
55
54
53
52
51
50
49
48
47
46
45
44
43
42
41
40
39
38
37
36
35
34
33
32
31
30
29
28
27
26
25
24
23
22
21
20
19
18
17
16
15
14
13
12
11
10
9
8
5
1
0
7
6
4
3
2
100
94
93
91
86
84
80
littlecj1 1, littlech2 1, lit 87 compare 0
======87
81
83
97
82
96
95
89
92
90
99
85
98
======little 87
TRIE MANAGER mon lbnum 84, mon lanum 87
rrb
rrb
rrb
pb
87
86
84
80
79
78
77
76
75
74
73
72
71
70
69
68
67
66
65
64
63
62
61
60
59
58
57
56
55
54
53
52
51
50
49
48
47
46
45
44
43
42
41
40
39
38
37
36
35
34
33
32
31
30
29
28
27
26
25
24
23
22
21
20
19
18
17
16
15
14
13
12
11
10
9
8
5
1
0
7
6
4
3
2
100
94
93
91
littlecj1 1, littlech2 1, lit 81 compare 0
======81
83
97
82
96
95
89
92
90
99
85
98
======little 81
TRIE MANAGER mon lbnum 3, mon lanum 81
rb
rb
rb
pb
81
80
79
78
77
76
75
74
73
72
71
70
69
68
67
66
65
64
63
62
61
60
59
58
57
56
55
54
53
52
51
50
49
48
47
46
45
44
43
42
41
40
39
38
37
36
35
34
33
32
31
30
29
28
27
26
25
24
23
22
21
20
19
18
17
16
15
14
13
12
11
10
9
8
5
1
0
7
6
4
3
2
100
94
93
91
87
86
84
littlecj1 1, littlech2 1, lit 83 compare 0
======83
97
82
96
95
89
92
90
99
85
98
======little 83
TRIE MANAGER mon lbnum -1, mon lanum 83
pb
83
81
80
79
78
77
76
75
74
73
72
71
70
69
68
67
66
65
64
63
62
61
60
59
58
57
56
55
54
53
52
51
50
49
48
47
46
45
44
43
42
41
40
39
38
37
36
35
34
33
32
31
30
29
28
27
26
25
24
23
22
21
20
19
18
17
16
15
14
13
12
11
10
9
8
5
1
0
7
6
4
3
2
100
94
93
91
87
86
84
littlecj1 1, littlech2 1, lit 97 compare 0
======97
82
96
95
89
92
90
99
85
98
======little 97
TRIE MANAGER mon lbnum 84, mon lanum 97
rrb
rrb
rrb
rrb
rrb
rrb
pb
97
94
93
91
87
86
84
83
81
80
79
78
77
76
75
74
73
72
71
70
69
68
67
66
65
64
63
62
61
60
59
58
57
56
55
54
53
52
51
50
49
48
47
46
45
44
43
42
41
40
39
38
37
36
35
34
33
32
31
30
29
28
27
26
25
24
23
22
21
20
19
18
17
16
15
14
13
12
11
10
9
8
5
1
0
7
6
4
3
2
100
littlecj1 1, littlech2 1, lit 82 compare 0
======82
96
95
89
92
90
99
85
98
======little 82
TRIE MANAGER mon lbnum 8, mon lanum 82
rb
rb
rb
rb
rb
rb
rb
rb
pb
82
81
80
79
78
77
76
75
74
73
72
71
70
69
68
67
66
65
64
63
62
61
60
59
58
57
56
55
54
53
52
51
50
49
48
47
46
45
44
43
42
41
40
39
38
37
36
35
34
33
32
31
30
29
28
27
26
25
24
23
22
21
20
19
18
17
16
15
14
13
12
11
10
9
8
5
1
0
7
6
4
3
2
100
97
94
93
91
87
86
84
83
littlecj1 1, littlech2 1, lit 96 compare 0
======96
95
89
92
90
99
85
98
======little 96
TRIE MANAGER mon lbnum 85, mon lanum 96
rrb
rrb
rrb
rrb
rrb
rrb
rrb
pb
96
94
93
91
87
86
84
83
82
81
80
79
78
77
76
75
74
73
72
71
70
69
68
67
66
65
64
63
62
61
60
59
58
57
56
55
54
53
52
51
50
49
48
47
46
45
44
43
42
41
40
39
38
37
36
35
34
33
32
31
30
29
28
27
26
25
24
23
22
21
20
19
18
17
16
15
14
13
12
11
10
9
8
5
1
0
7
6
4
3
2
100
97
littlecj1 1, littlech2 1, lit 95 compare 0
======95
89
92
90
99
85
98
======little 95
TRIE MANAGER mon lbnum 1, mon lanum 95
rb
pb
95
94
93
91
87
86
84
83
82
81
80
79
78
77
76
75
74
73
72
71
70
69
68
67
66
65
64
63
62
61
60
59
58
57
56
55
54
53
52
51
50
49
48
47
46
45
44
43
42
41
40
39
38
37
36
35
34
33
32
31
30
29
28
27
26
25
24
23
22
21
20
19
18
17
16
15
14
13
12
11
10
9
8
5
1
0
7
6
4
3
2
100
97
96
littlecj1 1, littlech2 1, lit 89 compare 0
======89
92
90
99
85
98
======little 89
TRIE MANAGER mon lbnum 4, mon lanum 89
rb
rb
rb
rb
pb
89
87
86
84
83
82
81
80
79
78
77
76
75
74
73
72
71
70
69
68
67
66
65
64
63
62
61
60
59
58
57
56
55
54
53
52
51
50
49
48
47
46
45
44
43
42
41
40
39
38
37
36
35
34
33
32
31
30
29
28
27
26
25
24
23
22
21
20
19
18
17
16
15
14
13
12
11
10
9
8
5
1
0
7
6
4
3
2
100
97
96
95
94
93
91
littlecj1 1, littlech2 1, lit 92 compare 0
======92
90
99
85
98
======little 92
TRIE MANAGER mon lbnum 94, mon lanum 92
rrb
pb
92
91
89
87
86
84
83
82
81
80
79
78
77
76
75
74
73
72
71
70
69
68
67
66
65
64
63
62
61
60
59
58
57
56
55
54
53
52
51
50
49
48
47
46
45
44
43
42
41
40
39
38
37
36
35
34
33
32
31
30
29
28
27
26
25
24
23
22
21
20
19
18
17
16
15
14
13
12
11
10
9
8
5
1
0
7
6
4
3
2
100
97
96
95
94
93
littlecj1 1, littlech2 1, lit 90 compare 0
======90
99
85
98
======little 90
TRIE MANAGER mon lbnum 2, mon lanum 90
rb
rb
pb
90
89
87
86
84
83
82
81
80
79
78
77
76
75
74
73
72
71
70
69
68
67
66
65
64
63
62
61
60
59
58
57
56
55
54
53
52
51
50
49
48
47
46
45
44
43
42
41
40
39
38
37
36
35
34
33
32
31
30
29
28
27
26
25
24
23
22
21
20
19
18
17
16
15
14
13
12
11
10
9
8
5
1
0
7
6
4
3
2
100
97
96
95
94
93
92
91
littlecj1 1, littlech2 1, lit 99 compare 0
======99
85
98
======little 99
TRIE MANAGER mon lbnum 90, mon lanum 99
rrb
rrb
rrb
rrb
rrb
rrb
rrb
pb
99
97
96
95
94
93
92
91
90
89
87
86
84
83
82
81
80
79
78
77
76
75
74
73
72
71
70
69
68
67
66
65
64
63
62
61
60
59
58
57
56
55
54
53
52
51
50
49
48
47
46
45
44
43
42
41
40
39
38
37
36
35
34
33
32
31
30
29
28
27
26
25
24
23
22
21
20
19
18
17
16
15
14
13
12
11
10
9
8
5
1
0
7
6
4
3
2
100
littlecj1 1, littlech2 1, lit 85 compare 0
======85
98
======little 85
TRIE MANAGER mon lbnum 12, mon lanum 85
rb
rb
rb
rb
rb
rb
rb
rb
rb
rb
rb
rb
pb
85
84
83
82
81
80
79
78
77
76
75
74
73
72
71
70
69
68
67
66
65
64
63
62
61
60
59
58
57
56
55
54
53
52
51
50
49
48
47
46
45
44
43
42
41
40
39
38
37
36
35
34
33
32
31
30
29
28
27
26
25
24
23
22
21
20
19
18
17
16
15
14
13
12
11
10
9
8
5
1
0
7
6
4
3
2
100
99
97
96
95
94
93
92
91
90
89
87
86
littlecj1 0, littlech2 0, lit 0 compare 1
======98
======little 0
TRIE MANAGER mon lbnum 88, mon lanum 98
rrb
rrb
rrb
rrb
rrb
rrb
rrb
rrb
rrb
rrb
rrb
pb
98
97
96
95
94
93
92
91
90
89
87
86
85
84
83
82
81
80
79
78
77
76
75
74
73
72
71
70
69
68
67
66
65
64
63
62
61
60
59
58
57
56
55
54
53
52
51
50
49
48
47
46
45
44
43
42
41
40
39
38
37
36
35
34
33
32
31
30
29
28
27
26
25
24
23
22
21
20
19
18
17
16
15
14
13
12
11
10
9
8
5
1
0
7
6
4
3
2
100
99
rrb
rrb
pa
pa
pa
pa
pa
pa
pa
pa
pa
pa
pa
pa
pa
pa
pa
pa
pa
pa
pa
pa
pa
pa
pa
pa
pa
pa
pa
pa
pa
pa
pa
pa
pa
pa
pa
pa
pa
pa
pa
pa
pa
pa
pa
pa
pa
pa
pa
pa
pa
pa
pa
pa
pa
pa
pa
pa
pa
pa
pa
pa
pa
pa
pa
pa
pa
pa
pa
pa
pa
pa
pa
pa
pa
pa
pa
pa
pa
pa
pa
pa
pa
pa
pa
pa
pa
pa
pa
pa
pa
pa
pa
pa
pa
pa
pa
pa
pa
pa
pa
pa
2
3
4
6
7
0
1
5
8
9
10
11
12
13
14
15
16
17
18
19
20
21
22
23
24
25
26
27
28
29
30
31
32
33
34
35
36
37
38
39
40
41
42
43
44
45
46
47
48
49
50
51
52
53
54
55
56
57
58
59
60
61
62
63
64
65
66
67
68
69
70
71
72
73
74
75
76
77
78
79
80
81
82
83
84
85
86
87
89
90
91
92
93
94
95
96
97
98
99
100
